4208c8c9cb889aab586bc5e3d6c7f366b6a92d3173b00ff531b174a3f8dd8b4b ./openssl.md 8385 1764298813 1768793686 1764298813 1764298813
702cad95d5965329f734df2222cfd1316c9f7c2288c972a3e52d1323e4660fd6 ./.vimrc 820 1764298813 1780593545 1764298813 1764298813
aca863cd1c51a6f188f9c45b3f4df684c63dbd22e822ee26c2f2da48a168ce92 ./vm-openwrt.sh 5927 1764298813 1768793686 1764298813 1764298813
aa1e9602cc3e72e2ca554732eed70219040052060282c10a38f744e1b67b6b9f ./rules/iptables.init.0 2268 1764298813 1768793686 1764298813 1764298813
0da8e80c247a1b389450ee4a11664491a03c0313fdb3f152d487d259cd9fe59e ./rules/360T7-v4.2.4.7959.mtd 2147 1764298813 1768793686 1764298813 1764298813
efd0cc378f052c78d9c41bc10b9e02be429f3f5c1046e777e0b36b02047384ba ./rules/redmiax6000-baili.mtd 6648 1764298813 1768793686 1764298813 1764298813
4a240a6bb869b718e370d3891908cc157d83f2a2548e3e7472b5e1e32cd06d52 ./rules/cr660x.mtd 5238 1764298813 1768793686 1764298813 1764298813
f7140728419e13b277ba371327ee90841da7decbbf529d8f91260c522f7bc6a1 ./rules/ax6s-ax3200-mi.mtd.py 3836 1764298813 1768793686 1764298813 1764298813
dd9ff3af2e2bf96238d6f78ef51e9058143eb719b6be52d88a57546325435ce7 ./rules/README.md 2741 1764298813 1768793686 1764298813 1764298813
08258b66b996aabe55675f948c86ccf9bf0efdc8570da68ebf4e82122bdafa09 ./rules/999-asu-defaults 21339 1780886618 1780886618 1780886618 1780886618
bf18eae405e7c6505288d6a21be1c34e83f752045608042eef557b82e32ffc3f ./6.6-gentoo.config 168185 1764298813 1768793686 1764298813 1764298813
f1d0f9f3825d656959e9908ab0095b4a0e51ec788f4ab1933f920fbcffdfb6e6 ./hostapd.conf 276 1764298813 1768793686 1764298813 1764298813
5f88044fb5445844eca1320dc63da71659bc0a65a701f1c624fe0e8144b8b294 ./name-0.dic 1728 1764298813 1768793686 1764298813 1764298813
717271d58a1c83897d0e24e732742d24a87c26890d018829c6512f0bce1990a7 ./sshd_config 723 1764298813 1768793686 1764298813 1764298813
31cf4f72cc33184905a42f786cd637d03bd3b170c473957d6a78e704deecce64 ./stat.sh 409 1764298813 1768793686 1764298813 1764298813
2f90a53d9795c7eb947e5d2c8ad2168b1499a252e94dac2b49d28f5018dfc104 ./omni.sh 386 1764298813 1768793686 1764298813 1764298813
37902cfbc8eba8f6e9b02a3f2f0712bb77cc21abae0992d3d883a2b7ea13b41d ./.Xresources 2268 1764298813 1780593537 1764298813 1764298813
289dfb2c4048dc88579c56e4e72e5d76a00b3d15a088d140102fa7cd593041a4 ./o-staname.txt 2246 1781186504 1781186504 1781186504 1781186504
d3f9cc1771f434618ef235c15471f6e9ce3f719e4dcf40b9cc09b6854121eda7 ./6.12-gentoo.config 176081 1768357555 1768793686 1768357555 1768357555
f9204c5757b634c241d8c3135ae15edf8d3a4eeb0aefcf56bb9ef9744e3af814 ./i3wm.config 6987 1764298813 1780593499 1764298813 1764298813
cabc74573524bf6bb1ff073cc51536992a1503f413253985078d668d987e2031 ./.alacritty.toml 586 1764298813 1768793686 1764298813 1764298813
01724bd07acaa924fd4f46de7160fad1a36db72405285b110fa16c59d7059c8f ./daemon/AWK 1775 1764298813 1768793686 1764298813 1764298813
aa3a4810e408191c16832de458d9ad449f6913c4feb971fd4f71e35b108e7991 ./daemon/PERL 3642 1764298813 1768793686 1764298813 1764298813
7d01280c13920537fa10050e7296067b63e315f0ef28b97bab5bc8a4669ef21d ./daemon/function.perl.md 4480 1764298813 1768793686 1764298813 1764298813
c94348c6a67b4cbff5f61eb3f4111e94b40b3e375e0c942fd917c2e1498edc42 ./daemon/uencrypt.pl 1021 1764298813 1768793686 1764298813 1764298813
01f9b93dbbdcd3bcfe755e4e5268b39195f41cf9206e639ae8cf0eaa8205da5c ./daemon/journal.ods 42155 1764298813 1768793686 1764298813 1764298813
a6410d3e3bfa5514f47cbbcd66700f6cdb80b331abd08cbbfa58fa61dc0ac872 ./daemon/format.pl 840 1764298813 1768793686 1764298813 1764298813
6132f5fbcb378072df3cab768a9ae650c6e5171103d1c856e8879fa8936bde56 ./daemon/termux.sh 3342 1773898224 1773898224 1773898224 1773898224
7db681e7bc733f62f0c460cc521f586e4bf0c8f3689465b539caf40daaed8bad ./daemon/README.md 2514 1764298813 1768793686 1764298813 1764298813
a78fa853c35659e7088b560a414ddf20891e3b6fd945046f83f81a35ae3f4d1a ./daemon/journal.xlsx 42241 1764298813 1768793686 1764298813 1764298813
02f8d29e9240c5e9e7a97f1b163f590fa61f9bd7a219c217b29a2ce3aeb8fdf9 ./daemon/SED 545 1764298813 1768793686 1764298813 1764298813
af85e0fbe4f1c7302913b7d00524ca5f542053a24c612e9c2b529e891d98a7c5 ./opkg-distfeeds.conf 765 1780323257 1780323257 1780323257 1780323257
b90a5aa86262799bade18555f3b13a60cc041f591df7ab1c207f1da9f4cb4fa1 ./README.md 15193 1781186486 1781186486 1781186486 1781186486
1ccfe8b5c7e1df5bbcce30bc5c48f9cffa3bad16e5879c25103cb415bc27c0a4 ./openplc-gentoo.sh 4422 1764298813 1768793686 1764298813 1764298813
